%YAML:1.0
R: !!opencv-matrix
   rows: 3
   cols: 3
   dt: d
   data: [ 9.9975845371452732e-01, 5.2938491237309619e-03,
       -2.1330949059818732e-02, -4.9128854681130514e-03,
       9.9982820097709291e-01, 1.7872663128006724e-02,
       2.1421899605651513e-02, -1.7763549542959604e-02,
       9.9961270426346638e-01 ]
T: !!opencv-matrix
   rows: 3
   cols: 1
   dt: d
   data: [ -3.3385325870824580e+00, 4.8752485263144921e-02,
       -1.0621384151200992e-01 ]
R1: !!opencv-matrix
   rows: 3
   cols: 3
   dt: d
   data: [ 9.9989926789319983e-01, -9.8657063573575239e-03,
       1.0204014147066898e-02, 9.7748003947312253e-03,
       9.9991243358309989e-01, 8.9206750398201119e-03,
       -1.0291129378562315e-02, -8.8200342399166777e-03,
       9.9990814560744545e-01 ]
R2: !!opencv-matrix
   rows: 3
   cols: 3
   dt: d
   data: [ 9.9938785707226174e-01, -1.4594029114050127e-02,
       3.1795053872118305e-02, 1.4875538423482217e-02,
       9.9985206334906573e-01, -8.6353791594419339e-03,
       -3.1664325243468433e-02, 9.1030616187125248e-03,
       9.9945710502054153e-01 ]
P1: !!opencv-matrix
   rows: 3
   cols: 4
   dt: d
   data: [ 4.2656431355754677e+02, 0., 3.2185688400268555e+02, 0., 0.,
       4.2656431355754677e+02, 2.4122886466979980e+02, 0., 0., 0., 1.,
       0. ]
P2: !!opencv-matrix
   rows: 3
   cols: 4
   dt: d
   data: [ 4.2656431355754677e+02, 0., 3.2185688400268555e+02,
       -1.4249711473083853e+03, 0., 4.2656431355754677e+02,
       2.4122886466979980e+02, 0., 0., 0., 1., 0. ]
Q: !!opencv-matrix
   rows: 4
   cols: 4
   dt: d
   data: [ 1., 0., 0., -3.2185688400268555e+02, 0., 1., 0.,
       -2.4122886466979980e+02, 0., 0., 0., 4.2656431355754677e+02, 0.,
       0., -2.9934943901375133e-01, 0. ]
