%YAML:1.0
M1: !!opencv-matrix
   rows: 3
   cols: 3
   dt: d
   data: [ 5.3471311292283553e+02, 0., 3.3513838409678550e+02, 0.,
       5.3471311292283553e+02, 2.4020578116779672e+02, 0., 0., 1. ]
D1: !!opencv-matrix
   rows: 1
   cols: 8
   dt: d
   data: [ -2.7456818016538942e-01, -1.8328804000855417e-02, 0., 0., 0.,
       0., 0., -2.4481009643906027e-01 ]
M2: !!opencv-matrix
   rows: 3
   cols: 3
   dt: d
   data: [ 5.3471311292283553e+02, 0., 3.3401519171513513e+02, 0.,
       5.3471311292283553e+02, 2.4159041865932255e+02, 0., 0., 1. ]
D2: !!opencv-matrix
   rows: 1
   cols: 8
   dt: d
   data: [ -2.8073450370989300e-01, 9.3000140710391893e-02, 0., 0., 0.,
       0., 0., 1.6314369909222207e-02 ]
